106.36979119680329 10.871584443043396 1.0419650777984268
143.95703004841818 29.479164503921613 3.430795027637683
76.24692303013374 20.12898285485216 2.038167719734428
127.95928578226963 31.011859890718032 2.571084629523099
165.98422543193266 30.070837675271108 3.1836265049721426
106.77272959567026 10.744928509891869 1.0508576180767442
169.31024201682987 36.01828743934845 3.0886575799160814
136.55604136414075 8.681841693638862 0.8284756162410538
162.99783449821422 28.149177219802375 2.698553603705094
164.759059387458 31.111516580644846 2.6479458359371213
131.7559303689382 12.166202785769629 0.9986033736468383
82.78685013322162 20.218365170255296 1.9273241970329837
106.33395408916661 7.447427442390177 0.9987477440721709
85.79013978990187 18.73213979530628 2.131786449026727
176.34953541679786 25.864091103058247 3.269828306201249
87.33680877229203 20.302702872013217 1.8876905198126512
83.06398968015361 20.63375108219433 2.293047214426352
73.97359208733228 19.18531232288029 1.9260648049586897
133.87071742925312 27.4152456470157 3.026075070176554
73.10094093038845 21.343429071627476 2.0580262294024143
75.96095422315304 21.173251940496314 1.9292551332571826
150.36396505185155 35.29399367315766 3.3691220885064426
91.98085844937602 23.00864932624469 1.9205373871513869
159.40251364097062 32.252988124714726 3.0601342484144487
133.6918892591043 25.85293951183756 3.0746803447419606
85.67247510062089 22.586694181557316 1.9535267990113845
133.2463367917873 8.847331480623795 0.860501653804371
130.96611789674952 8.699324377199314 0.8758804635174426
156.7357992657254 26.671770983979364 2.846322784830867
163.54605583157522 28.660734165690474 2.988842673278065
75.62697352040696 19.497753406954622 1.9146503955420415
117.6147726004273 23.478415028784188 3.4445513159006698
118.89932786106216 10.653278485754058 0.8884891777132022
137.04600001721016 10.153364035015828 0.9328483425338413
116.12164674165018 8.275251470388007 1.0314908922832098
150.2210769731075 24.51575770166909 2.8898749041744067
80.49660760020993 20.25904881566622 1.787950965211969
73.95927350993217 18.566151807094787 2.07915723721877
79.67128581553195 19.080092147447715 2.056958788964357
82.02967913345297 19.309201831479086 2.0148752858525225
127.73467285037677 11.23935593197447 0.9760733185720643
69.46426454573222 24.32778156146878 1.9912052152733335
74.80143806686071 19.340421727880187 1.9779563603041577
160.34326780685797 29.22909778800673 2.7465378748546994
138.1437372343708 32.59066160637712 3.330983776102938
123.43813805879508 9.216224724924727 1.139651194955563
89.6089842701372 18.95545466222486 1.7993642103301606
138.86144334243727 35.631961872400645 2.6815167417300767
67.41865203985405 22.446886053624837 2.108048736283958
124.37765781442914 10.56344850892778 0.9583404011122365
