132.2167474313995 9.38097352320061 1.0802909249351949
123.81311903178386 8.85532616954982 1.0957322768595446
108.79970309464366 12.146850745628097 0.8327339844037909
155.96121584817112 34.973879248666286 2.6023406577418107
81.20058449780697 19.493865965486016 1.6986405341877058
132.35183379005326 28.22181367431157 2.524059713101578
163.76003848715993 34.772344062101936 3.122232140230069
155.54998102707333 30.68938183644565 2.913078289563391
166.3310742290163 25.5204505057476 3.2287476208347563
151.47226444135887 27.431976710366953 2.961127198158482
71.2449483755918 23.168086139688697 1.8037845286596839
73.04303742514585 20.87533389658336 2.1897649771481906
121.38480955955106 9.043937949815533 0.8692571085272529
165.7448019012505 27.844034105281338 3.003125497751705
181.4479568366861 27.511355519175 2.916732065134524
148.6511805603738 36.20648011523028 2.9254386413049933
68.56892387640333 20.34729054150143 2.0821088073997482
147.0510431163621 32.714832035647106 3.118017311021184
79.92044377435931 22.705462332443314 1.8717546442487902
109.60064142375265 9.755877138542646 0.9544316089777263
105.83907666354246 8.522294697769432 0.9084035825783253
86.32618733214777 20.504122931692066 1.987106461060288
128.08227253663767 27.359866067034172 2.5279763111667104
112.06101891693477 11.254463620092718 0.8616744813544658
152.78773592679292 33.21820946404128 3.839557824458031
69.16845515812429 21.31683757780015 1.9378529358951184
138.85684341797835 23.321323062500994 2.7080116752526164
120.22368265576256 8.000877360323202 0.8862758049056677
165.79574152222577 32.385995133949095 2.9100065491682026
122.19308372115458 9.819741271404311 1.104361653928129
86.4368698204764 17.803498307981044 1.8230493348759844
135.95326650099952 9.329660651882774 0.950363717451412
80.14324233051097 19.017191266314274 2.06315585240661
161.33965287985518 32.94633307071289 3.4031310880970476
82.94430383660598 18.53235406911854 2.0050855636521363
133.9154138775615 31.968695019161 3.1562946246766055
152.73498252125304 31.74917150857144 2.8757130918551375
129.06782386276416 8.641728037216831 1.0674599370569082
162.49902758740555 29.579090033311342 2.956178485894682
165.7192871112932 25.547681934727947 2.9591598472858287
82.73220007994654 20.237714395625265 2.043388984760032
109.36831982001208 11.107656430519185 0.9527163345314984
85.85912108907004 23.702258316612472 2.050174241583208
142.6285789064384 27.94489342327251 2.7563500769268017
151.60672410479535 26.685428768078257 2.540011650025063
159.22384697102822 27.067440061205946 2.7470560260567165
79.46861274572198 17.68875708975763 1.726098650587388
69.8930497910097 20.654206557249108 1.9578562917472087
113.27472829641059 9.356367875082181 1.0860476522614404
89.15245172668997 24.03332329781579 2.3698646884014725
152.0763736491362 29.13060281186063 2.710849654688204
90.78028116390425 17.968877501708164 2.1851759452489716
148.48611476315997 25.02190994098767 2.6610338426628157
88.81410577256841 19.51187115400533 1.9973265313953505
99.02057981869275 10.49649589915061 0.9336139287946951
126.99891036444845 8.85142759126184 0.9827557333421402
166.42712458550176 30.774929036725137 2.641389527019317
134.96988451452717 9.470711878416736 0.9248835987280573
86.51524399206521 24.5120944951608 2.0229212005244657
137.02002056925906 24.670379549121417 3.3240121894333883
125.63281515523747 11.657741308530163 1.0217609097403
68.5040179663379 17.92777895759297 1.901801677173463
165.09404774161348 35.541359284239064 2.898028997751781
112.97523902742557 10.168982155982725 0.8839196875705162
109.89775174562519 12.918202536634027 1.007487293128039
118.63989568088753 10.613164479987116 0.9285054285605314
132.958148122737 10.353290457028532 0.8130155387129039
122.19537644169914 10.431485091726769 1.0475028680480252
92.32312305998242 13.676561401894434 2.0836270730601694
77.07878929184308 17.12813341542031 2.0648225762645174
79.86058104813802 21.398347328842668 1.8246355163859727
170.87509681583055 32.46512170963883 2.770386865711911
93.4585369110644 22.89348617551521 1.5863996715929434
172.16653561726008 28.714271788181073 3.441864289450975
86.06825993885059 21.44199956998744 1.7056873568284603
112.12068096668973 9.124889707176271 0.8317991994437217
74.28446995158461 19.110693954812156 2.245557284816392
111.38066426348969 9.477619548436394 1.2373652838900773
122.81903150416251 10.104537278308797 1.070939080393248
73.66637647108573 16.847806092866094 2.182938542674918
164.42826341670624 28.29812437934009 3.086135485180793
134.78592274266813 9.946305822227906 0.976004413112896
125.70146456566955 11.799975262981269 0.9680689247854984
123.86824238883013 8.548469433650268 1.0056752016733637
150.65306686287815 36.84461636513611 3.084277214938996
163.13718696080142 28.929595628706455 3.606073937805535
129.07983662154354 27.225928186491906 3.7493401043624486
86.67465127867005 22.25227897962216 2.3310852496405086
106.15788812636227 33.803738285829475 2.998443579504505
84.78136877418889 15.385279163085862 1.8508810466043177
125.13426147720209 27.158814047671715 2.9013574149179098
110.93541645073945 10.943976101151925 1.0546843022564416
111.04610650228271 10.059012617187907 0.8721013032354775
75.58281913725891 20.01805877669872 1.5384786624710902
123.78631234489542 31.699370941371452 3.1111024680158335
144.8332370513424 25.412997118063196 2.906181347103076
84.19693840708359 14.377838142277458 2.266762086741481
153.116571970148 32.0674225420876 2.964090866826681
163.57229268898854 22.471342026225997 3.1024235927606725
121.23449590599473 9.640488151744046 1.1599723376285096
