151.9959156071823 24.112055925784183 2.5993676403020207
126.59498765619672 9.759134611657178 1.0098963172507234
125.12969592167727 8.679310552557736 1.0029253236523021
88.58698445515299 18.7726539481463 2.0898384559344465
79.92324189977961 16.942932332980725 2.0331446701350684
75.77085743927074 19.81055473245319 1.8388897277427778
133.6596038424744 10.770091823863325 1.0069332291456001
137.22261198791213 30.034653823815272 2.9612766099022325
71.8226440421845 19.82964993857154 2.0789575911459304
162.42159344148186 29.112557015707672 3.0379741007194685
146.0464298472982 32.220830588165065 3.170977149554089
140.83350142943038 27.832396685319445 2.7910304973312963
151.79345252553082 24.757069612018505 2.906994611881913
127.2197600262995 10.692209219429893 0.9986635474715919
135.33882942664619 7.752962854291091 1.0590052806229713
90.04711407214039 18.368448333350425 2.2165689421911083
81.83405816984519 21.9879303115537 2.0734842387850856
61.95708220461542 18.951608974585078 2.3575088918816607
151.9286104436504 36.6655581302648 3.2344401202232578
141.54928643631888 32.16852073503227 2.723812250153927
150.12071722629142 32.278266825840596 2.717430981049536
124.54447816028362 10.613066643555403 1.137768357995413
117.12951872165928 9.127079227318786 0.9781763620312431
114.05249967939598 10.244681773853033 0.9250138199197352
149.98536192573778 25.37701851830196 2.993644760666357
139.27082312732207 32.53383780085002 3.0247018072661325
71.62926386571796 19.28924159356076 1.7942366802400138
149.69621165031663 30.947446621495402 2.568393930458244
125.83759273257857 10.699705241498574 1.0309165921138297
73.1433420007612 16.810482824617175 1.9977138381806132
64.03756137211326 18.54947561520673 1.6317223742814568
164.1351491493366 33.1497051316527 2.9176939106688837
146.89703461108573 33.092833760970365 2.341399867937123
183.8243260927351 30.924067814538137 3.160043060990314
144.31046602662752 31.68675403952639 2.543928186975914
76.33934389396404 16.206039496191774 1.8702068819167996
123.66444282090416 9.447527561267616 1.1280315530700797
140.1155516982209 9.91899198699855 0.9375130560481918
145.57196040254243 35.79635027337079 2.7178109984956107
66.89014083875202 16.852992773209188 2.3011576499684496
77.05178022046569 19.388359767693043 2.246753319671011
93.3397772798229 21.04651421858393 1.9824119797579014
171.0363068701279 28.67123477164638 3.067742580476635
84.20721993324531 22.15561869130069 2.413604265754554
119.00405205567417 10.629050046757872 1.0407923700625124
74.4397366369374 18.02487614297226 1.8542265083469294
79.94458658151879 21.146494757790144 2.0600133894396957
72.53037401308065 23.59425531790801 1.8227853049665976
121.53430481656228 8.437032614837586 0.8349954601822236
69.6579106384855 18.979188797408867 1.842136970555027
153.68209849393574 34.60845626346292 2.7893594521502556
132.6378417525484 31.963634463260608 2.9199097741070292
107.15125505860497 10.490389690397489 1.0881647373435002
81.74685440897612 19.28999145453047 1.880198531271662
82.92861341218492 20.105761750996702 1.8992222819102733
114.75078864526068 9.9774946737594 1.0620150705498645
149.9924906975666 33.27435541286758 2.9168130726091124
83.57612891127239 21.628323544917055 1.55418314657326
170.37882542325536 31.86831553048093 2.4462915449582114
76.8146671283485 17.41626250199105 2.0277403937360994
88.48599125779134 21.003824862909234 2.2021139996404986
146.49073443072155 34.07002511786843 2.621948504484814
165.74558414396634 25.56651394517462 2.863463508357299
123.38483421758677 8.621187940976686 1.0238660601229117
73.34217499776065 17.133132739575863 1.599605992182696
71.69149174907518 20.478429940571957 2.1132266377923155
72.3432446047371 21.7296738012732 1.9144718050261513
86.17634150254321 20.905083730671915 2.086396799978323
125.66977571591333 27.056801278713166 3.153146469689289
80.54998174432629 19.344416748532097 1.977675077694183
153.85806731973335 31.3031323831871 2.698777827323019
99.57678122398596 8.516746860324144 1.0219774024531547
133.0881871068666 8.656411359795639 1.0830857146113104
109.3467816784542 11.212460531949093 0.8802814213775636
73.59417773295371 22.11858597000226 2.3030879474860178
121.59380566558093 10.147502926562396 0.8159819148610203
127.02442667784996 9.369747714808913 1.0341806647967164
120.79426068512014 10.29970668999114 0.9914756349136874
127.55576585196047 9.704476797853598 0.9704801811428857
71.69367242887147 19.97870940013125 2.1354441059856333
88.14814591576342 21.736720054236308 1.8713219816309576
108.30082995121674 10.351202489073604 1.0528306250187938
71.09154552491052 20.335222449575273 2.0316468926168514
82.14648831613758 19.534838213516977 1.8108091076927273
71.64356631236475 16.815771271516496 1.9026684451311393
170.00950114355865 35.33290917494282 3.207747363070064
144.74843560462148 23.540807159736232 2.7599069030456205
79.85971980184533 20.67724109402425 1.7578532590656546
158.05139126167796 27.510445848740453 2.866250008089088
85.46721263735058 22.147506752880204 2.1222389968636235
144.85085945795302 33.72421437655612 3.3028449049130066
119.75771363238857 10.714533920581573 0.9357597852103886
117.99588425857613 9.617077098130476 0.9175823657065365
162.40918387170726 29.58103983088817 3.2347357152623193
138.99368910943178 28.64715702810499 3.2432813657064883
164.29473742222353 33.654713970261184 2.795033057984883
80.42503643649042 20.599374706992 2.0999001514953033
132.65052771152463 27.65708993658929 2.7543679106813146
120.98867276473005 10.748640678988437 0.9155545086379353
83.43290309773424 19.193317780327433 2.1622794025121648
135.5889884394893 10.627882205045431 0.8141829165583278
133.078628248494 32.4203350823175 3.0434310257937796
136.2334693403452 9.04825383198914 1.084642602182051
130.74772072594166 29.937305966758423 3.4095335150957635
144.17925837311026 30.06850492742535 3.1108446895236748
76.24117135679175 19.06216207550829 1.7453220721030789
85.04974194011535 20.66707774796779 1.7569753550686429
122.75750514085993 10.104137199411058 0.915618058789758
80.24387677791331 21.532295152027416 1.9847015660346004
114.94244064983579 10.339338298081447 0.9973122337250674
151.9174147568153 9.515202075255376 1.1823757453760566
71.63432204409565 25.24348844002631 1.9016474847526543
168.00495323279762 28.556987898681566 2.8334889623254016
167.4168647117121 33.635419473400106 3.010766779897769
100.5976381758513 10.742575203001438 1.1379502404373256
154.24333932633294 25.718630013853186 3.1406906077639336
76.60540546257631 21.203134382215538 1.595146349788732
76.34632156841768 18.27531586945337 2.164165025104454
135.64258496547578 34.143836413521775 2.913405516174475
74.74740535706069 20.040798852819485 1.8535096823329933
69.36345431576697 21.083907129925862 2.088999401861613
152.67276373792998 35.12391260461162 2.5758317275944442
82.40476774767149 16.083400022927 1.8909720945486381
121.28921287663994 10.322559630137686 0.8838148599047495
143.89369585290294 29.23606031090611 2.8711692976275835
89.86719897819472 17.79508086510132 1.834900724009374
75.71490185810399 20.917754116815424 1.7522914724810508
124.1062227865301 10.409691813948786 1.1624007151010478
145.9159399482823 27.554387802128396 2.8838470075095537
83.9916001227577 20.47219651072659 1.632042819173654
135.3455840767714 29.63975902811643 2.7617892392301577
135.6971268165074 29.46732213966493 3.080978081995694
77.02063642191087 17.185183118953194 1.6179490343986282
110.31266606174039 10.928913340047625 0.986007071642583
156.43973938172104 28.5378482145559 2.8757948873160117
124.41857233693561 9.975880430883024 0.9796438853739838
81.80641848833244 16.468490972085725 2.0653011846735603
87.71696876070864 17.924365572221312 1.944437729587827
79.61679137531418 20.110676314926295 2.1846453875446836
70.06928161212494 16.481083196432202 1.7811942179852207
124.7021701936236 8.771754373540716 0.8435390635513469
106.41234688003335 31.11995308089484 3.0810978977195873
83.20414647277306 21.25513068240316 1.7731501912957017
147.40374457984217 28.823168508370973 2.640145683785782
76.0416082761343 21.914287782044205 2.222497223152856
100.90021132607993 20.795637198133733 1.6875365665831887
164.38665262066783 10.620725502846165 1.0221501847325403
134.95040105438622 11.018944224045192 0.9177370954589235
115.78681479160434 8.872205803845155 1.0906080992444491
136.4782052764239 28.11850212783136 2.9899625110737866
114.48044239009725 9.110941608374505 0.987109653549101
83.32371316130717 19.638348720513633 1.9079442051287794
95.41329410843403 20.03225442196576 1.9016681248625895
114.65154932571775 9.720226583558633 1.2182808452943044
76.00872335068985 23.31333889839529 1.8508159134815536
150.31510617227477 26.0877128823556 3.121935813310214
76.99919849597673 18.03129556489468 1.9408018229160293
84.78407869445911 22.80365567039218 1.9095483166269227
74.63747219419571 21.094004915360614 2.1145446925709406
83.76669927762414 18.70174420857288 1.6650286500621776
73.45418537912488 21.21969023030283 1.9698044225470637
78.69934171594596 19.347222344902498 1.713237830991927
128.63363810531894 10.676430622444817 1.0802754482755987
162.63599190529294 33.07981049920891 3.3045856390789408
165.22909630184586 25.87029671080681 2.9596810827022093
126.18852639881939 9.571285412077113 0.896849293110904
112.69438514505748 9.647552273603514 1.0845378435227628
120.50093961842666 10.426288200750708 0.9754567120494005
76.10875011884148 15.789369074161277 1.9845715136741684
77.51521790406625 19.417956816221636 1.402746282670999
108.96344764366197 12.370466382112461 0.8394597386151765
107.06092198279207 9.96661602218216 1.043290253963856
124.13660755909349 10.950148231275394 0.8538425503756649
120.4175144649883 11.62959132873338 1.005348269829892
155.3532116149371 32.411702785697784 3.264760398729819
155.16334271086768 36.188103294425375 2.913156202199191
143.64977465309354 9.543663376899174 1.1102191001277213
128.00253932260185 10.22139023907037 1.057753741333646
77.91238630194795 19.194889707644073 1.908154736502304
151.28634803236832 27.80368222299055 2.8652739126666784
67.91917015283043 19.70035202587264 1.8444316171566768
144.940159829308 33.94141037902979 2.8068825525290757
147.61901121442168 24.624485800164294 3.003538811070152
115.19656423905569 9.055458986084927 1.0309857767466706
121.44567073466568 31.33253723259056 3.2046778275183607
83.15458224654675 24.777440560184587 1.966298642062506
106.81374425723052 10.32315844692736 0.9609179641395529
137.74628999192495 30.05415456501344 3.047253322969995
133.09191863132733 35.04183102141401 2.6657037493045967
134.50473078462187 30.511546698296705 2.4604585062829
171.4692681594323 31.10028098717795 2.837862496565239
165.39235394818365 26.871793215420336 3.1719602865554544
117.41329735284077 27.367493039428098 3.8475517683186657
84.58544184811058 23.531313522249757 2.0249875215621156
110.34194292833305 12.099008599218228 0.9546721914850657
134.40509335447464 29.576189351778694 2.7864463564983937
144.1161430845715 30.22159446466559 3.0505488007877304
77.39354487563398 20.67028286655933 2.3563322092154353
72.85412433436947 18.25522741413551 2.1000653418115625
92.19981438472475 10.415177795345281 1.0604045753597242
146.6097005102364 28.736750328514344 2.7073153406416814
147.4352848004577 32.48826798543395 3.057727176323959
108.65188403844591 9.06525865864842 1.0467208887782395
107.45872293041367 8.158683594424442 0.9232790033708635
95.81436143636856 22.856408536876227 1.9621673281626548
58.974657323379695 19.11327090191152 1.8200836063915515
145.60256866684455 32.98985345917635 3.159638037454555
72.84016281553257 13.106207767288897 2.23383727375135
161.45054202828402 31.02432200257027 3.2663780115288104
86.57623800531093 21.631907252165142 2.143125104076196
136.26174348314734 32.65883671741018 2.6804778070984856
87.876271686848 16.72049251119826 1.9005015486865555
112.4675958101502 10.407135674868048 1.121682050813467
123.51333251597248 9.203495557094058 1.110392287742182
56.30711618759216 21.730157727178714 2.1927024696936313
163.8065528038205 32.90380151382135 3.192518670923527
130.58139357270906 9.330523581120389 0.9544637582903773
148.88806413145426 26.527771709501184 3.128881795541205
116.42355612991845 10.208785624041559 0.9448211226028561
140.09601090062998 9.997812458293126 0.8154782207624165
58.91198049017948 18.465537737099844 1.8389385560814453
125.44440313192854 11.008720605341596 1.1149026328256255
149.84147177029791 28.616282974051664 3.074034219767566
89.74098768057726 20.231594656036993 1.6696646669687962
88.76381312052901 16.551379408013638 2.014624496642238
130.97030700909886 7.948419292784528 1.0596823164362614
90.59825132109779 22.73518255135531 2.1198480923738123
123.58972334691656 29.359688397116336 3.5756865156277575
135.1316458740273 34.308135346130925 3.1778506812167446
119.78846317264727 10.084413338264806 0.9378605300992356
138.56860676091998 29.59912281400773 3.1204837654187534
114.41018612604151 8.181435937383114 1.0857931113823456
142.65761472849812 33.44841752808365 2.9198109801409524
114.06902952004789 7.469471874089368 1.0093109787444718
72.69277177438424 18.01255453664538 2.0561784711360582
75.92841806844447 19.535362312903338 1.8451212196696987
120.77361561481712 9.901595859730598 0.7931968025343759
81.72218074989452 21.709810772686357 1.9706449382849418
148.32361715835256 10.916464079238878 0.9511820684714337
118.30464164780359 9.950236556472145 0.8593912714983047
93.54165040230112 7.800285205433656 1.092644329118877
72.16583888820055 18.408672086240095 1.9323330623187722
91.09673926886258 18.10377270010657 1.8633371323729464
82.76353867099779 19.855639739180752 1.9420684962223647
70.54711224764797 19.233208022367776 2.053900580204931
81.21939555398257 22.81614939469565 2.067153710297499
85.93738744917746 20.52523618510071 2.1062345320377487
106.61945617476415 8.403008607664885 0.9035843790155487
83.13879927635818 23.005303790415006 2.208007102910593
127.69840581635168 11.300673430550791 1.1518686665103015
80.28290385266175 19.1283188377831 2.0780572813817955
162.80337807197768 30.775529433860587 2.90867539472336
146.34861368239154 33.815578719795845 2.5365389903638933
64.31559654492007 20.08943191141112 1.9754691603582941
137.1027615319732 32.82756378045587 3.0476230921216643
145.21452346048952 27.13199581230783 2.849689547474883
72.87760935635387 15.294589882613856 2.493565360556477
150.22509253456045 31.046426971873068 2.9300820831836996
142.78356353154297 29.37999056610027 2.8124931814194896
159.36372150613815 35.14643247767505 3.106322804903077
144.4860368232828 32.657742214330035 3.415024412673996
112.71129751118595 9.787245396532965 1.0162599796818879
170.69958551512482 32.39207668947827 3.3677145713509167
86.42296766002349 20.57074145388755 2.1098281427241203
74.32249702709055 20.466691794757068 2.0862463576489727
121.85850261579674 9.014288299544416 1.0394187779261403
118.39454634703424 28.19802609518559 2.66593048234852
157.60984942172837 27.023655509896656 2.9915140107725273
74.81013293421807 21.188381009417135 2.1435607362790456
73.00304665318475 22.371676972880042 1.983458726724201
156.4742553471014 27.412327291620425 3.1128037523271046
165.3800995111834 29.778918245482284 2.596892933355084
135.0036188734531 10.841031202364153 0.9735253194655644
135.4907969907411 8.980645485045983 1.1046369069132396
138.4161419866525 28.17557883147794 2.678552172429264
128.92873910375596 10.53082085754645 1.0204037933104273
137.8912610660231 28.200353400987424 3.222216965486745
164.02610798575463 32.20918401390373 2.8743679684328267
113.20127272590311 9.22833150280901 1.00407961948119
63.84361797478278 17.923568252472897 2.2457237315288543
75.60527136345725 19.406014754829975 2.161205407514098
80.71465936887475 18.356810667251864 2.092823577164918
87.03072892081748 17.774005142220332 1.9328374097578231
159.57121913484906 27.740768487814233 2.7223493024146705
160.68640815200828 33.94210522069736 2.8319498583971177
69.54533995421097 18.300448288985848 1.9149026323420046
156.2301831105682 35.26322571264301 2.5740846105732684
118.2061383891791 10.644777536120337 1.0902804400277872
159.44719768273035 29.512863177930324 3.3758261484840166
149.79594630223625 9.914317206023059 1.046103099541783
82.75969719945572 22.339029472301295 1.6083273291669862
79.32586776764612 21.49273950158285 2.0054461305467144
163.1739582767343 28.18175382162362 2.8205258007118403
123.85251867180065 8.698360094953445 1.0415312242989043
150.07254360099822 31.5200092216053 2.9474588698042723
71.20774564016797 22.384592892525262 2.168174341617882
79.3550089460315 20.375027502347073 2.132255337611357
114.49439086404202 7.482323787576213 0.9672120083297917
66.51574690788584 20.93737218135637 1.9547065796847605
134.76555632958488 33.15648937740947 2.945076090450159
172.42906049268944 29.38307061273442 2.7086199374355826
140.09836485968458 26.697712666165756 3.111821618057773
151.3194239317265 28.468305083707847 3.254580233397889
83.13137799495738 19.41176493622988 1.821816123032264
117.59213531151681 31.215546943308443 3.0335690104639266
140.41483612266558 32.61053869889888 2.511786684109588
67.43939321444633 20.05825329420172 1.9996537650825976
78.39527708686249 17.9896747588144 2.1943620213756057
111.20122537660389 10.575595468686632 0.9166805874108557
69.75652530860555 21.085200876848234 2.1678755805013696
80.15108589013408 18.643031691534762 1.8415250648937111
131.85742274511819 10.71195022135022 0.990132589310175
85.83323129030425 22.12898219898954 2.2022987441449073
106.72971256178724 9.08239456474295 0.9942583872762971
117.151448127293 11.135687139424368 1.081578302212647
79.8584545311196 21.133067175146685 1.6815105678741658
90.46251731149852 22.873952009076014 2.186478807472974
71.85936940228726 19.822767707388085 1.7705439081225713
65.89813071399911 17.116592118579174 1.8527097470114677
122.78805205503238 10.834027021082637 0.9954247139517706
125.92755731649645 11.250231471373484 1.2329578023917573
166.44966576173493 26.641370461390085 2.378364499267868
75.25865671531382 20.024233742096634 1.9306142068220071
146.79321654206578 29.321441749784906 3.498941702549536
72.9246562910487 21.020466865792926 2.0110909940453268
84.2184085128374 23.011321850714403 1.6524436203407766
125.47321668479141 25.050365139438295 3.0080502160963536
120.85044983453285 12.126738009728694 1.1006750965872678
114.94579185903383 11.586873528492156 0.8849645866066316
83.87540864894048 19.073191219951937 2.112552772074298
157.29067837164882 25.386473504791788 3.083610902476188
87.34445292330437 18.174253591987032 1.7834316032079653
151.87986844370337 35.356603181427126 2.9866608961153207
96.75188987102085 11.862829922875171 0.9346594070157119
159.63660008275642 26.0050820065837 3.1289325233039547
163.7761973165615 30.215261145541774 2.5492171754483834
155.64586945845355 26.346773718975307 2.7000220106563644
133.76309435762766 32.8578429763374 2.679255003938631
158.0814203725478 26.115466503907253 2.864692341545604
143.01265381140476 11.73272896657773 0.8488415996793621
172.4972040661281 34.306582061229015 2.7557156796613413
98.12538255610527 19.893386076717295 1.9849454472187151
67.6841648332175 15.936127772742255 2.0384595091316373
162.3752166169885 29.76113729975483 3.2402507253992896
113.18789195489126 10.180536791830308 0.9749829226181972
116.63028188143954 11.824906577552168 0.8814946299586671
84.78251851452482 22.73344222792297 2.2601766395340857
128.64661168485128 9.46480793984556 1.0695195570723124
146.87074925773936 34.92674453228882 2.8338089146260486
152.44314825834198 30.90384561946627 2.492020712796891
78.62250406619926 18.78452333626758 2.1513492248564545
121.46213231408721 11.54623704050415 1.0110231161597323
140.4482591712857 9.193416609323828 1.0891731382128493
80.15988710101779 20.046002624467754 2.311891085056079
72.95942337903996 19.12350827262792 1.8988749307998063
85.8996956048212 19.73808572668627 2.1700030402396715
114.21329773295655 9.623922355632423 1.0368437767798777
152.60970857465492 30.14848857479995 2.6751901728079455
140.69818644384742 33.96215810618696 2.755502524212025
164.6694274899668 33.61542340809801 3.0589555869653493
163.7270550471952 27.67265039088759 3.3405327097655113
125.78710785402001 11.09755519219995 0.9634162623856958
133.11250667535214 9.73451891558454 1.0083548243554494
164.63555804890487 28.944528161015654 3.1367555170288757
84.08932796629313 19.913904426911937 1.770701465276892
164.5544133231767 29.518620507714374 3.215655822588436
154.4714900159306 27.280907522803737 2.633709868978943
118.15384436913867 8.342233093842811 0.9260534764172744
53.670162953385784 15.753874137888836 2.1232828426226433
162.80441381991503 36.053978257394775 3.007570013274088
85.59626858221924 22.795901541936022 1.8729415401082017
141.08053333140137 28.153683373658833 3.5204480938042337
154.3795681482433 27.208838992728058 2.9884246837036326
83.61227957310015 21.221973001724376 1.9090480558453315
104.73853234774877 10.979239181710831 1.0430073106855615
79.61203223312376 20.744625330177158 2.213317362427942
153.25953985329633 28.74404829109009 3.608484660540679
63.79823623941167 20.931980764888543 1.8355406547797322
115.00501823396596 9.507268999341761 1.001147089339046
146.79383890358608 9.805983265229225 1.0079617162873715
137.82951472721996 32.71073070913737 3.1119888109756526
89.01593575434917 17.74931616949755 2.175051427399302
157.5525212477984 33.02724564012344 3.044437694879587
127.11853490302096 32.96161779983955 2.8082394473602377
73.54275728778543 17.87312657337425 1.981170084214984
137.05752693939448 28.599536270918765 3.3837246056308237
121.70865478665783 9.442650641665663 1.0897568503807156
142.24387343467623 33.832775914110435 3.1413620686355443
82.1731802142844 20.663078921858613 1.8946420703968032
149.50506234854393 31.976121271296915 2.7388269061887747
133.46711602479294 8.545273277495895 0.9588186680453729
126.39726817385895 9.359534173336447 1.2655820350838511
128.82572204183333 12.551211601171012 0.8841742567084847
139.86514074103687 28.47737114345072 2.8327238972738513
140.45943956764373 9.91860869240946 0.9827298510591986
67.15234081849255 21.29394261035115 2.066814025112589
126.99417029379964 10.907597697960474 0.9078075890105888
119.73717029346147 11.29154081434396 1.0583685403782812
97.99574881162658 10.237203001997152 0.9632766891928735
137.53877085335196 9.43142579041076 1.1181514633136442
108.6628439856843 11.040687278352797 1.0123513093138596
116.58672531287237 11.056531197092252 0.9458323360653601
130.72049849513354 9.062766268574558 0.9665244279253858
71.13212714226748 18.983002527593968 2.311233927116179
119.11455711434714 9.171851222746533 1.0063117296069723
81.43757600808392 19.74728856275378 1.962420641589039
146.5832759189071 30.600642372344485 2.8449916658247187
87.7793123963221 16.782121821258162 2.049858978494653
127.95556038293572 26.854366423240826 2.8955862473235565
108.04478582681499 8.27586996357126 1.1025473730553887
79.58984871787092 17.229743547796588 1.9159253766305757
162.0094104311699 28.867647965226396 3.121417010876345
122.81607803414704 10.054771807252356 1.0585711535972566
95.29959989407446 22.00387772741091 2.04283252611419
112.63873828839921 9.197517359883566 0.94238109095497
72.41124244730707 18.60917799045839 2.1822928762417324
109.39601064530419 10.084988576958322 1.148323714878647
139.65755250159614 31.97025036392089 3.234967906311667
79.97968534320437 15.6597185926883 1.9724384305462221
151.70012698143734 26.856996979677003 2.751119247452469
67.00127934557545 17.63739528954405 1.8960970213390533
119.30587786225172 8.622637580496209 1.030131280815099
103.81862811094747 9.287666236087235 1.0552739566655551
132.41484295477647 29.208016425111527 3.3004026895842316
95.98844870329374 20.68548961973558 1.9405346460076398
71.33925546441182 18.3879290747726 2.3530280286826994
125.8704135763123 9.162558732518516 1.055309930790149
130.027246197568 10.621959490620059 1.03386280158416
162.74778896220988 28.953457827493228 3.23704527695149
105.91882810600052 8.90122805013862 1.1137697932355342
146.75215232255886 28.45242447257532 2.896855782430783
166.63473440382703 33.349536383741565 2.701649540098377
140.76354312147237 33.45794730079082 3.3665142159726322
83.8577682187268 18.96561000333705 2.074230630488434
135.41812118768564 30.60328496762158 2.7216001240226855
159.7652045628206 29.936510570940793 3.5448167948400973
122.97071642635707 11.529835862675686 0.9860172009631261
164.1643278951851 30.89458837061673 2.5636760881143124
162.39271596133128 28.643839426834784 2.9421173528800746
72.35864966376083 17.63695879385495 1.9705685826624373
112.22050706074889 9.980248156581123 1.0430277863992519
122.72768235877619 12.10789921231586 0.9905578849634754
115.84128942748195 11.219750067633429 0.9518267170426065
116.70295223218632 9.512084244388433 1.131519414768859
111.01684053588184 11.421815249401533 0.7929197675326503
134.14143507545822 12.186311558704885 0.9583952521194106
119.10488087663441 9.743850979777275 1.1444717100984894
77.93138112964036 20.966243947544836 2.048443575422093
129.47710414234075 9.082608002469765 1.1388237367858953
164.94046476766005 34.05441501914347 3.1007143374613166
74.37404734078417 18.171033775323213 2.039154466730285
146.46370057188523 28.385583664988204 3.411454805473129
131.3041426102068 10.38730571207248 0.9891847034870933
79.22808987127965 17.927012529058675 1.8478935305840074
112.6419721232872 9.194242227730978 1.2125493069039222
151.20498747283213 32.46853330482178 2.9639644494287425
130.616832284907 8.089166763343734 0.9106254141202926
136.2371939589678 35.63512491691492 3.0208505632353653
111.81135013556093 8.5885525717291 0.9725876733072751
110.38049187062013 8.401860059688838 0.9062663682604251
161.34407093983944 33.68551101353672 2.8649433928608126
111.40929942162958 9.269716890221956 1.0119187556297362
73.99115711897767 20.379540169626114 1.9630902452181147
100.7751466281743 16.291475069983456 1.6357112189431875
176.52948335192522 37.6899579935675 3.220336275761479
133.2799188212901 27.096498010004748 3.059505601289943
71.95004489705143 19.769837411182205 1.704698346209544
161.76134530221123 29.754415597232295 3.3042117535131155
69.47959947486225 20.719261450739907 1.7952955732188647
131.37887650041824 8.918885338039058 1.2211471277794492
69.48910320621452 20.035685015545802 2.040202409009638
130.20568599481845 28.628422525259325 3.381871992586926
84.54764048601787 19.985902664023907 1.8017406063788532
148.62148176195274 29.334905103394274 3.294820858138176
74.63991185814197 23.126115105919997 2.168268487734024
80.37194344916057 20.32298178195244 2.0741077630599407
159.0693303484678 30.221500860123125 3.103743361129965
152.90294387526689 29.747980482367172 2.8768776098931372
147.1197998998561 30.470463418953685 3.4344464815359763
203.78711930226405 25.59817834354685 2.758493604126016
159.98276483943224 31.947879314538348 3.175212040909505
99.49906601433388 10.90488648816579 1.2486206649777154
143.48303824413046 8.249764114806695 1.0523441517732477
129.1724480832726 9.512586446514641 0.8064143344691428
103.05675959421264 10.860285329158232 1.0782198495220787
122.90083914219386 9.99234377559543 0.8256145099341421
147.7711863098481 30.59726809639863 2.5841017315933663
171.15353523132276 26.412628693125853 3.0956094429010386
155.941936177347 33.157536305101765 3.1532243896727508
84.59687364787051 18.160148477402657 1.8578961133436247
86.46764502957475 19.611552211645375 2.157556140731704
147.27413091308426 33.656123134368706 3.189917983667339
83.55459317653055 17.41353613342238 2.1248843505833444
122.73292543533773 10.326213029094685 0.9278627138891187
187.64129101841093 28.701734220771076 3.508993828930744
164.3222154977371 30.204038413115967 2.7312916225009003
86.44698911714718 23.10441372860714 2.075339042671553
118.04651887696653 9.105004449868948 0.9517856866507685
86.85826991471657 17.654354515884148 1.937433379002153
83.20931179892031 19.37119872687135 1.858848236401876
118.70261515161494 11.049889939557955 1.0120759183839187
69.75134471867078 18.238158802896297 2.2481753381495797
79.71482473746133 22.27643861389014 2.2388983994750746
80.81965271171667 18.446531835401352 1.956170547931362
120.96560718240401 6.931626026684478 1.0072724406592368
86.23585376588109 20.41260095415895 1.9122567952831466
117.39778500933863 10.294730592722965 1.028922585679842
76.63584961000338 22.591736669392905 1.951421468973105
131.79301902476163 10.327179121440507 0.9031004189974383
80.13671240768501 23.314463176371888 2.282340882272244
161.82358865762296 24.10414916698977 3.017132484241966
147.26282604706267 9.961878424923631 0.9861731890707814
154.68226990666705 29.324601932159116 2.8440444554627615
91.44507099969472 20.30225788864176 1.9460855860897508
80.38052846110426 23.636367014771523 2.0950743472286475
120.23447924978433 8.91292505672633 0.8407291992002071
143.8662692528742 34.955686389455785 3.3215653879509723
73.90791789689764 22.025544251335234 1.833914599079756
128.72211716054082 8.776449537626656 1.0523894554715698
156.57110973088527 33.149578504700365 2.607417369803515
110.0148810465059 10.565038537866279 0.9703615697856476
77.07588393781225 21.508449599697816 2.128241286311296
86.84313727864478 18.60100978995543 1.6455822226878543
192.2072726405822 28.918404663564694 3.1458891878440447
81.77829440508827 21.2059196318361 1.5737966578462794
140.44125705645743 10.991810554660926 1.072304629517436
75.56143418593176 20.208110428563906 1.9591131226928324
71.50880824513794 17.60077072978217 1.8929745128067361
127.05820076111291 32.01560751421448 2.4659900308073857
129.85098675269813 10.76738710354169 0.9618658968527798
155.61310855431338 34.34262094560925 2.4092262387986985
186.3105618124412 31.18120432230868 2.9789472650968944
133.02369835967588 10.417487469372377 1.0833350094936598
126.39909036500464 9.94631542402123 0.9465493365724316
125.95655055513473 11.816343767955527 0.9585947142211095
73.68577049035446 17.64308926783587 1.8659602169103204
74.14703597352499 19.474572507375903 2.14158307038739
83.90329761567848 18.203284764387988 1.9044547679045865
149.84712727947476 27.78071793232594 2.5059407778479703
102.77427788443941 9.510663773652455 1.077875723349021
122.56033001076031 10.146639326760209 1.0970898122274706
139.25048166039605 31.192654212227065 3.219186639189447
81.79533209411042 18.789523471445758 2.165829952860393
128.99850105183793 10.414499041965147 0.9289161487651253
131.05841083348176 26.384279966430807 3.123856561825363
83.05896587759332 20.305854024820892 1.8569638862419866
83.348993704663 17.98843256419602 2.0111381354158575
118.07187724632534 10.121753632161587 1.2090104021631451
163.62158476691846 28.148474013928293 2.9340430845202237
132.29919057185822 8.76028200302854 1.0289424611117903
154.59554920084653 26.7872261091974 2.6654461672228726
153.1687852344689 30.473337357185347 2.5511025515399486
129.3783352197299 28.760954333670607 3.719324659761475
131.76178102389093 9.348546959197641 0.953424543949435
166.6286995291048 26.750376159801498 2.6698775801128667
105.67273229987742 9.802620758351692 0.9205294240334176
133.13275504438883 10.55014063874535 1.1018515268876872
124.74877906276373 10.278699483615725 0.8450048638815852
121.09208020352271 10.693015384707314 0.9505144372109785
72.97783497468922 16.397467468696302 2.0907430784225136
81.26101953943234 23.112997425740417 2.2679824480263275
140.86504966253693 25.48903583152777 2.8982019435906277
133.16141791284437 10.477240976021351 1.0960654702720445
76.06910064756767 21.251841844283753 2.0268100911105305
139.41320028774967 24.6304352792712 2.496841920696121
107.09889174417596 9.920546597601383 1.09498353798839
123.12533137045722 9.984790741452652 0.9425183983027549
148.48648584127253 28.717617892074536 3.285005684258941
93.94071241178943 21.23879521922349 1.9446933050067243
83.48637164882058 19.945906877778388 2.277411729250719
130.78634856927394 9.64670323374259 0.9420139789952404
109.57163896123149 11.519916016148308 0.9317974992355882
77.88930459246845 23.060687899131697 2.1164626084057816
62.921022077052974 21.386725800745772 2.1142871952597275
150.3196627283859 25.46017741479371 3.310720202584349
77.24501652794974 22.036457409708362 2.2444819090549673
92.92074108002697 21.837737078328573 2.297725368950865
108.00869369467055 9.286447149282443 1.0132334104118124
121.24793487925581 28.23037713405519 3.3245190303465373
173.58209292364225 28.56306490532637 2.56278587913051
90.51003599188903 20.460804692827928 1.9948830961184432
160.52340192873527 28.57212532716529 3.103956296495966
89.03248283716479 7.9727032220261425 1.0662420470766412
81.6069065976568 21.546931135431898 2.06555956807643
111.74236710824454 8.27261022615216 0.8159089756085192
125.19209705621162 29.53195024234624 3.1046700758804375
148.8339414056004 28.36860397718874 2.764022167566598
81.41362483447891 17.977392925081656 1.8840168428032655
81.92260812216003 20.079126849948356 1.6989546641605662
151.37203898055068 28.33076089178544 3.1266209545422177
83.46715858939568 20.306985075875286 2.077309968814525
80.2119459801652 20.186040334516775 2.429755981128518
145.5622269980427 34.957016678629124 3.012746078591519
119.536855589096 10.948336946511644 1.1270004374357045
148.9482229327524 31.46054322329332 2.834242500566543
151.25200892596948 34.142533001789886 2.961557158044436
142.8430230484067 27.36429640164976 2.8499217836520936
71.1280232501411 18.68082435933824 2.1203910818119773
166.3901937284813 25.522556452003375 3.3889912194510883
115.47085067025654 32.588314708528316 2.947077421216699
151.49900246390334 27.217374593519363 2.989386463606711
134.48636893398537 11.101222545718311 1.0977595410331953
134.35710924621688 8.534822072149904 1.0228483456201123
132.32795051265703 10.123445299104056 0.6622692533221948
75.57864830819757 19.631964464436383 2.122707754429736
79.20238412363383 21.977902815281695 1.7251341597583645
101.76583194473781 9.972264777051858 1.0592866747965062
98.1438459537472 20.43099330077795 1.9608930077606013
84.08119527843871 20.87361259068704 1.9361197249878912
136.90897509411653 10.281659913322422 1.0447654631575989
121.46819705386888 10.07344436978973 0.9714211712126359
154.2190669454423 29.641147718675523 3.5052554654543204
178.42618215308246 24.182296520597536 2.6089183056875154
130.7559734984383 9.027348796552024 0.8525995023195907
123.82288540404423 10.639201358124755 0.9535601155319496
76.97644061912025 23.757080116572837 1.8643404945869895
79.05329068157066 20.88916182281131 2.0156509306650974
98.03232730130489 10.653504078208256 1.0215586917426147
114.94961331279018 10.24097271641632 0.9528853752821966
102.98557237490498 10.436004389900562 1.1759330463963598
136.58324063036815 11.233883173946737 1.0448114993789812
153.0639321125047 30.979109238320135 3.0616412793548706
129.23389196042942 35.60327575072336 2.5838120123540964
148.16378724930615 28.57814993805153 3.197108263129417
157.08307600402793 27.08838787658151 3.098048276969879
118.1187166974704 9.57874643840943 1.1600833854231367
76.74200071699475 18.867163268459805 2.2654524286561517
139.7027630621588 24.276271580232347 2.582402732478846
79.13876523308292 19.36769219668094 2.218575759838638
127.60959805589128 9.628122347691274 0.9528977823993645
130.97060110557138 28.467652750046135 3.476414781355416
152.91757647552413 33.63574792972064 3.2907803177773065
81.21482541826944 18.30306425681667 1.9236414366222463
159.72860843218405 33.000199089754915 2.579650604996395
165.21270952873104 29.781782626323203 3.1422401486486367
122.76399520079336 11.313947834672344 0.9801723167338915
163.59235831516347 26.997285068961826 2.859202950378579
144.4789357715628 10.027665842454752 0.9156946719330876
136.0144387692364 26.27700587892429 2.656126261553063
124.6711254677304 31.50650060620405 3.2775309281614913
74.61576400625978 21.992551852835742 1.6199007681307578
71.00086459865155 20.29191993048354 1.9692479160636949
91.52827582304741 22.284464567010055 2.1131008117424512
157.85439020891457 33.70632194499248 3.3907729991473774
108.49649066627036 10.173230482841337 0.9623495057331779
79.74241868560547 16.835042908856742 1.7964714957969479
80.9794868212682 19.602375382104775 1.9960219331287763
152.2463275027893 31.63287749146223 2.7562416992720786
146.5714465362436 25.93706750341859 2.7212072881774683
121.66260768058078 10.00749804727784 1.0959847658452408
160.69781063380574 30.428738195408954 2.47151331974091
136.56630620168437 33.01459055449128 2.824153850010503
112.84296534546318 10.161563728907765 1.0516039133960877
77.32794383546104 15.309080394894504 1.994733891984297
124.13737128047362 10.202080761375035 0.9324477536602382
143.08605634705452 32.488202263239536 2.8932348746696746
175.14178552575487 34.934654437457255 2.7574308649757264
71.71188171245367 21.86864652911135 2.1970263471682756
90.26310378480494 21.49184389654458 1.6924785364034767
109.35798444793879 10.659780116042102 0.9631696229498887
116.88413672135843 9.391675037149767 0.7983108881512461
116.24223848165687 11.320405529486393 1.0592011175342184
78.98347039700585 20.189574787807047 2.0614873004011036
154.14827455523817 30.830927952258197 2.7213178415598835
85.29858570391822 22.2575550406576 2.1046759694967934
100.61553550695353 16.719161618953752 1.6974683979829945
147.62585181827637 31.068000171007263 2.3859254090741535
133.48442090071094 10.059755725845568 0.8499798531582122
79.48124148465077 21.650048105793573 2.0441345529446693
171.62398611234158 31.85971621007812 2.682115987882149
145.99979415085497 24.444268891926146 2.957534855197281
144.8369620348729 29.447829200129952 2.792720789670993
74.54164238992513 21.498579423416388 1.9368999917414327
75.17687354419608 18.596838871777155 2.013064669397395
145.0258849579439 30.986129323764235 3.1517896332526454
136.65289646037627 10.847766055297924 0.9380150094950972
89.07503372296509 19.348751361893516 2.063790420453291
174.0279255682066 31.1207748565773 2.6991103642775074
141.8274576693358 25.183557876180267 3.107827351902856
158.12951188466653 31.525449722559205 2.8621852222957225
82.55478899974116 19.44133979422969 2.1315217576902903
115.13500434410614 35.6553509168523 3.117887434787552
146.48717885684175 25.046585440547958 2.8202054921737143
154.04075654176128 30.610624774899488 3.0714913694527373
148.13146527057097 10.322257387301104 0.9020958990747274
149.86815592465615 29.885430181610847 3.278814461333793
78.54970150318609 17.74469857077993 2.0425590877362874
88.90413224410153 24.021266491059023 1.8313442718676396
82.272233584281 21.090188605830093 1.6850900766498267
159.33631340516507 33.811515655106206 2.763921273971196
118.6657253291354 9.199166149443084 1.0384810951153391
122.90065112493677 8.155489507261057 0.7834809698086261
117.20158584951206 29.578648603112764 2.5361935267425046
125.2017859401284 29.50840137120445 3.2419044253343223
77.32863767296863 22.522608607949874 1.7592360103253564
72.98735631174151 17.54784487953544 2.1137781744862223
120.33287853575852 25.691739327053465 3.179398430371238
128.22867052383427 32.941267900311296 2.9149234695169417
69.9486587090015 24.41832741455886 2.044234494490819
122.89370457250152 8.464709062499251 0.7172650802673384
145.76821520437306 28.93087077651929 3.0274817852412585
160.68299881338461 33.182312096105335 3.2404797425591547
124.94960476050633 10.746142974056891 1.0733475590629957
154.78851672794747 29.258819091407688 2.950009159560934
78.47538028212972 20.291304661061098 1.8407664871786376
145.7019528544145 27.412493479368067 2.792747998342007
176.7632761882094 24.47323657247688 3.027274316307162
84.30056596234732 20.09523930829924 2.2119831262403324
177.17600793963737 33.995171833900514 2.316534568833273
114.64620961646985 10.463304583223469 1.0276876197270883
74.44257113649338 21.98503793656497 2.28455779664546
156.1582723832334 32.45470660469262 3.2827482424512304
128.0126290650639 9.623676996374787 1.0488343604984458
136.1194312691146 11.60013968107566 0.9627121988614582
125.45316957957591 33.78525813089142 2.8703560999438986
146.6915373233105 30.472415878801097 3.1064947953490485
154.95801127875617 30.624418814869145 2.867684454369196
79.34736514211828 18.86460042013192 2.1484134617958324
99.33984032390782 9.736297367834378 1.1760504582311753
135.8747064226609 31.65359811080422 2.945855143965093
158.51312139303363 30.43288393617106 3.204178541930376
86.3080806654837 19.738574646626553 1.8197913333416622
68.50049160640961 15.386999618833206 2.151407012574794
137.41310991838228 32.63538842114868 2.858406688997447
130.47152014585106 9.774933604056315 1.1054952484942273
124.14743080301574 8.937589454571274 0.8848290585798892
115.76626838977589 12.334200863951725 1.0829858726540198
78.80307161920287 20.559787687836234 1.8196807483993587
142.6372070055761 26.30721414934133 3.319843649358025
70.47396450788534 17.104181017028758 1.9901487448123265
165.77208042484287 30.843535382412743 3.3347275408745074
149.72188903954438 30.595139298478486 2.584907216181864
156.30056114478447 30.420054214063033 3.261280765412648
74.05222743716999 20.31892348528281 1.6618830567346685
117.17066770021673 10.93026168328026 0.9703473057865872
178.19931813159846 26.72629471897701 3.0718176961730306
152.94983561391544 31.296936153757432 3.319015423439458
119.94734402690459 9.42411983266022 0.9595880212880372
78.74636795330593 17.647746839029672 2.2611894978519445
68.71319904199089 21.11376673626941 1.8742701372467334
126.17414675483418 9.549927396075681 1.1035319334507043
82.32010717029992 20.5536061264999 2.1696600629537195
156.4537304517198 35.4292679854635 3.2152849480555874
86.88675489354165 20.42700323486228 2.156972567748042
114.60943112731796 8.641123668829064 0.7016764037868629
124.92253278039018 9.86478603033657 1.1657282410567817
137.8413538396405 28.070390221264372 2.681633923158531
146.69212170768745 12.121315546219943 0.9147486903281837
144.29999553091528 28.67654618912693 3.2314664430403988
141.72611044935587 31.1539427176041 3.3729730584784012
139.73554431367353 25.354836919700546 2.5440296971737952
146.38368070489938 32.338604485342074 3.078937205626713
86.77916447220696 20.128616528598684 1.7571009543026501
128.2591571371246 25.573862321488456 2.731083842978182
115.4933057466 8.269301799965836 0.981015706207892
100.40774521222828 8.488990160708902 0.933278691923174
83.6162475033113 18.146983044792428 2.3609389577378734
144.4121871775629 30.81381415799339 2.7504373952906507
83.14658644443539 16.554256337710083 2.16172321433876
105.91655796623321 10.279762148854001 0.9877322694409844
88.95729500720111 16.906821345981072 1.9971228722111722
153.8187480854037 34.212362712621896 3.2083025275221617
164.05416186880814 28.031529404487962 3.326342914545924
126.95878920098738 10.324383031928368 0.9379574975193788
78.60572821612509 22.725238852611753 1.7991600778819066
144.48115390502053 31.231590806875474 2.3518849798837365
134.68206194578468 32.87365623075055 3.4719640815157677
167.77942897963254 32.301135681971836 2.385348249211875
158.54839458259778 33.20763984280424 2.752483325797679
122.45873092949606 10.700645439200414 1.0214139685896948
155.2392003242978 28.522425336703776 3.2824766876988987
100.11025612968136 9.31532097546426 0.9394188772026013
83.05761719537307 16.876814526317755 2.120927867337117
143.68258979076788 24.653871954304577 2.734796802828736
167.69855767187772 32.809752293504566 3.5287142944767735
90.31604850031468 20.71154321493281 1.8465647687208815
166.76854874902494 35.01038251689336 2.703565211599141
119.74246857147853 9.965747739857258 0.9394007002614082
121.4188985957359 10.818656003564689 0.9532175430423155
108.2721248539514 10.371224749074319 0.9777701198882529
155.99094961237066 29.693675046334686 2.7803922620912322
86.47666640916032 18.871956967580548 2.119346814948825
125.19893672123202 10.245839576600362 0.9621422857862308
107.2843401571944 7.546237314596325 0.9539422190381767
138.82795322364663 10.19242010864194 0.9917111498598543
159.92886200291525 9.880714817500621 0.9740614193524156
105.5758600895048 9.84889419355336 1.0867134533793148
125.24311463030658 10.11751914233994 1.0042289527231194
99.23960097191983 9.927396535293749 0.9798771865931871
62.54718428160502 19.739900799144493 1.7261436937797663
118.80091276591813 11.50206041586178 1.0726664857527421
134.32467483146982 29.008950541382898 3.565300485011099
162.88130534107307 28.04299309718778 2.78779311403214
130.7522957093666 9.355428417474956 0.9049805876606799
128.40264924185058 10.871313173661958 1.1202742038467266
76.1900213614192 23.464294047502094 1.8144140950166248
68.40029817306026 21.417820859656448 1.791216063491421
135.14190734417645 29.564086199043643 2.964642591538028
85.48520953612629 20.881517705866635 2.2258326476701162
162.93615247738893 30.59166149879588 3.167316141735263
99.10735955809668 21.709540019176252 1.7524456523719796
116.41543511575289 10.103704312303918 1.0181260817537892
138.35736203600513 10.811558868679986 1.0274220218221182
100.85442724116481 10.504132238243894 0.904571518397975
114.05109820614801 9.838562957269875 1.1071443099867608
72.15829508805852 22.54694385032294 2.0485273526348484
153.27319112833382 26.98465116163128 2.748059654704814
73.24578988921834 20.231749034443443 2.163363634969862
113.42398352389169 10.130072180990508 0.9108121685980002
130.56035878293383 23.58186092125352 3.170992476653166
89.41041146919689 21.67180589776114 2.0333784356620455
109.9470642127126 10.956564595281296 1.1242493005815555
70.00486783977225 21.19318898064346 2.109631765896786
118.4349204610624 9.600426220816734 1.0061973203945014
126.38763146665858 38.75988447826374 3.226218923869638
155.4788353968716 28.694228280482065 3.33390576172521
117.72015638269896 30.529854895363147 3.2635571948270434
70.791751079897 19.663644306744224 1.800439660998617
155.96144967479768 27.387168438465054 3.3250718619019
135.28504139528457 28.42179131305439 2.8368116460119692
158.523681509642 29.722922020602176 3.123822377849102
85.58588790047467 20.468827330531767 1.8955442350598934
121.8675161438228 9.452782354081226 1.1320516425890794
73.99042134447504 19.790371723383007 2.1064564733209434
149.68271318164773 29.20395263696978 3.2930532501158845
129.82623028968717 8.749978971459234 1.0204738709853183
79.7673816441831 19.319553080795092 2.0825130858472742
142.3407623349493 9.049987626878451 1.0516167441770037
89.87960171992357 19.71203160630519 2.0630790860058306
81.78512915033073 17.680691433195175 2.2573207866631804
120.61421542496934 31.11917519565201 3.080073256155506
164.21364152496338 25.370429450591878 2.29077624336111
84.9165641877263 18.7406611680333 1.6985497334496389
118.58789123064236 10.823207777514298 0.8443677897313646
165.4634872744413 30.917751897216654 3.1239091024336636
101.59367428058046 10.453610351862002 1.1300888836557892
133.60445796670083 10.468680443941823 0.8666196180424931
106.67178476329849 11.174513576052709 0.9936400978987175
80.85889098151529 20.789891981188603 2.3153981150787413
69.79575228132988 18.406372814019015 2.206358777079033
65.4066946723772 21.83305438861433 2.0854441522841363
146.12354551054457 31.79936717358323 3.2645462077698473
131.56115520288267 27.865763958701816 2.2363226501080447
127.36623585904782 9.011515504184848 1.1209182202915478
163.05421373907933 27.838284769615658 3.0446161291457354
107.15381797521219 10.760422778525871 0.8582710377770161
90.71631879567448 18.919963382252135 2.216815678331527
139.98342176334825 8.186623176952882 0.8425553998731552
79.26788165717844 22.191778251605257 1.9028199218975987
80.14706902348492 19.669471811082758 1.772083202304962
136.76488567505623 12.117493711759613 1.048286510155412
64.82656364983656 27.038217117784033 1.712126084114792
115.97885176159576 8.235521339233365 1.1134044677352408
150.7745933879553 36.922824750210644 2.8377524414802986
71.6856801126002 24.81808357307269 2.0684143843983267
136.2017164493363 31.193962339951394 3.3387545411456454
155.78465127458253 30.482171010047583 2.8665063127492605
133.747986089248 11.093567450738353 0.9823838959654664
113.25048178690494 8.559438763769828 1.1027616687090092
87.8031608077288 21.380868197927896 1.8273447690552564
150.64370107357104 30.481811029319964 3.1894184280310403
148.45401975777136 31.802957024870405 3.4557632590546237
123.74268873935549 29.976678311640487 2.694895191656842
129.23904316600883 30.512910070227328 2.802798970862467
155.01282864744175 35.54185665122071 2.8380798789364494
118.65082549110525 11.406933511625557 0.811720559466814
147.29946060078487 28.550673455974284 3.4292310554194514
60.17944915055374 21.251920208301343 1.7991958177175822
116.2991248742607 9.420991674327798 1.0137022095087185
91.56648302849632 22.06239836289666 1.7539981326360528
88.99135738860295 18.605867463194734 1.987550922793377
161.26427005781764 28.48433573859225 3.1264931715308943
91.9912766563894 17.65167768578947 2.1926045287415303
158.7742497809431 28.829962771578913 2.6612345309191876
148.60794715917976 29.028808769707812 2.8236760785964536
127.3637983835752 25.003068058472603 3.0872776878743826
131.48733951387038 25.197470960836863 2.4557350401692792
144.39517633830337 32.555555565798954 2.816658672742128
88.21756158146374 19.191044031670494 2.3564227526088155
99.5827532615117 9.173267382768504 0.8700268392219792
89.09484395422452 18.031395659507318 2.0454692999296826
152.01488646571383 26.904137981539616 2.917683153826271
100.31095657731127 7.5990130234518185 1.0298909283117
82.84265786354332 20.240027762976986 1.8180712438053241
117.30262365176885 9.250099698450324 0.879143682331621
124.57471400225933 9.305325047213284 0.8305514735735136
156.57112438895786 37.8161374029067 2.922906011995001
123.8808848602102 9.202958967125847 1.0472456241845856
84.2388589476638 19.040296628325038 2.1013027703252884
81.6054234763245 21.091548388562714 2.0622196496037866
87.01377277486507 18.5294804720198 1.6445134789870572
105.29679665074235 10.0825908038515 1.0292203285079309
93.21307490214303 17.224727455990546 2.3055753400798236
88.23290364253597 17.834804145714273 1.9109618835865005
160.02627980607878 35.914958120794644 3.0576682590518196
77.99840412148808 20.648979925816057 2.2097876606086255
100.29657373521998 20.700124956113374 1.781123376008421
81.7174933908243 16.688929975222223 1.917628648361091
109.49627517407336 10.397858947317458 1.0356439460733493
81.01537957550399 21.349978762440422 2.153148424965875
99.02273652201512 24.250264387767068 2.1556544148337635
155.3307343143283 25.91574199350051 3.432462952343987
155.62951405411567 28.164176385346863 3.021707066258017
73.3511282110903 19.863717743555476 2.150053609711438
137.36015888065748 33.48133447356018 2.5487846365700904
74.31045867673016 18.563132372306384 1.2013221544819044
114.73263645471144 13.658242703918841 1.043000498352916
137.92597439262642 28.456861860900624 2.9172026170546026
169.12610603803978 31.235149724907018 2.88117157706406
66.46570348407938 18.620132294304856 2.4865155060574433
89.08797993736728 21.513365045933153 1.8904403852394835
112.93694967623352 9.933003584745213 1.086337372165477
167.14726126887192 30.43416330218346 2.883959394812015
145.65200690705163 25.88654361201181 3.3586546909452424
166.98662219745853 32.71873795582243 3.1684756538906838
68.66256468064014 20.33496204578574 2.2831239441528326
123.61644601402342 10.529289960632514 1.040402427839775
119.05318216229358 10.804389322333028 0.8606922755266386
165.42133235911058 31.995236145953665 2.9562673299543434
123.28887876708907 10.282410299450387 0.8810256858719041
119.87276661189097 9.636443150521169 0.8184467855035034
147.26701584472826 26.859984788976845 3.2163346731490954
136.28614171640012 32.19422530433128 2.5759211592609925
152.4283282647638 33.63386128697221 2.965476550626661
80.66542794621499 21.339551849967165 1.5848997970149212
132.35321284262903 10.88584881836364 0.9845614271472009
62.62871325269532 19.34183612366717 1.9282382127920887
92.91170940567879 20.045148973839602 1.7631515874121093
163.2327423199666 28.097250840357557 2.765211963185928
124.021452045888 10.153994010154541 1.1423270261815994
126.25954756642494 9.303733984912064 0.9535935294640049
134.66368153515077 9.584205720765386 0.9947716563282155
156.15202161022412 31.38135000905907 3.015618012114353
124.69634849536858 10.715245112474754 1.0957392297416668
121.35421639403997 27.656646441178925 3.1048654771618676
147.6027886232479 24.30278977384888 2.9099411365262204
88.98459182093212 22.39695238723238 2.1609757499351754
122.099599348486 8.489772011477243 1.0787244784435992
86.70632661635496 16.93471096946403 2.17653250428069
165.79151083856917 33.968863750868536 2.8724554026868856
93.92685759603417 9.942956759041573 1.0174377919743316
76.41332750513475 21.25246636629661 2.4770007938980396
138.46380780838598 27.839936445347142 2.7157368713306873
132.64957943655003 27.366467749622643 3.0660394753034943
132.7705933717624 35.01394391905655 3.7209874245623653
185.20502605016082 24.84304674217381 2.988878598238029
75.22280556452085 22.530383053325146 2.5389235559085956
82.45858560780816 22.009728831602406 2.1088879127643536
71.6148359544616 16.150994983955 1.9822696896500414
153.84205991886762 26.87957310516882 2.972205964931912
65.9427396819791 19.33865561399041 1.8633987905586873
82.39364148664754 20.67081297221086 2.011307733414074
73.55623336211404 20.40506527387302 1.7732725141112615
156.95053424100428 27.419646153449523 3.1660335981141055
85.85616370346239 19.7587648091142 2.0596456074192018
167.69051093470694 24.01463125540294 3.0786249173767293
74.65681465888781 19.570489151182574 1.8811083111702602
141.19096093413785 10.508697897769766 1.0925641586718386
154.63379851399702 31.86199162581032 2.6325934339982906
132.54171635340947 7.885042930372251 0.9728367090332549
134.93245620719296 34.568089564991986 3.2754813767822157
151.98071936571068 32.43623578619373 2.7624166358852484
84.22901724752442 19.508661674502846 1.8577789383254562
93.01347303731507 20.607271680319382 2.148145202308919
75.38763772843544 19.553841967985246 2.240650568206818
81.99951058682275 16.412907853234454 1.9357329318073035
154.52084738875433 33.4478321868544 2.7444704611251898
131.20262319976115 8.869526707495819 0.9877438691455949
151.24557098727084 29.735701232188966 2.617252960618444
74.27111648740676 22.152034815974115 2.103170832173418
86.19732867234623 20.37641901654638 2.4826532072635796
122.05626946776249 10.359305804542382 1.0684130168136319
160.83252195403608 30.097232782085005 2.871449731568345
121.61416095426421 8.698231112622553 1.171306147097496
146.64305774785703 29.820103272695388 3.3758068381309587
126.94494884752949 9.839567903445257 1.2306308925841232
110.43510152675503 10.629867392214955 1.114127018606159
122.57467906376311 10.8271104168049 0.9959583371905419
156.7720916216494 29.002026518826852 3.0433552483270745
115.00155495245369 8.813911166954227 1.105929565121508
77.8091056425902 24.993021563068364 2.0644977193641405
80.40237589064462 20.141335089401032 1.7300142380755648
121.59902610405555 10.699406412505299 0.8485588816271858
142.42925417491045 9.800797008623764 1.098735833612123
105.75874886820283 11.570212122143355 0.8381451198564454
115.12812306849017 11.79840988435814 0.9268457252707187
75.24758034878698 19.24623366423322 1.8297892139570864
140.8475639655767 9.680471390502296 1.0311513222362982
117.93925120780467 9.523523311710697 1.0419083453995357
150.8543178103067 23.96815588519343 2.7723305189100826
118.06789139533406 7.985691267971561 0.8561843579376917
80.07327314217781 20.180255311176637 2.1638630368833662
86.96046355284747 21.103029575627303 2.072572447305208
142.7290167407643 28.477279171923268 2.9708060356885495
83.07344612120181 17.992191102118657 2.08438045130135
148.69029196164658 26.425200367249033 2.770394231483635
124.14760322318494 10.85097374670331 0.9466354434258961
114.86024919357585 10.400854729995414 1.046537181000072
166.42316354482642 29.34390328382831 2.6369524268006814
150.09462192664347 29.247574183489732 3.2245718727257424
123.67645269325058 8.56223541814483 1.0697029481554405
101.1971288365722 12.303440373672307 0.800991742595629
83.97044426572221 21.876171927831408 2.079232537195677
81.25045243578003 17.987544546635274 1.6882350214067492
144.51443754940735 30.534405189564076 3.0034725667699256
178.95570680572555 28.40658535668257 3.102633367297162
78.46989809770237 16.539601747721278 2.254808352696119
109.23103348192964 8.503112765845186 0.888467532174669
152.26329230189006 32.53775405084185 2.9605667317778233
147.19003906561406 32.19933531789669 2.8037283283454313
83.02387453231037 19.03875470766616 1.8340279595029942
128.93477591413946 9.677575040248037 0.9151695421329893
133.5516489866571 9.049314720655971 1.200676495427734
78.05768394841918 20.38179130717419 2.300735792566943
162.3997985117447 33.813588140548696 2.3995757570097673
116.43684847655567 10.828187441264799 0.879472839820326
120.34515247463614 8.81682626158822 1.0463976245263793
79.73038099122887 21.814888194475873 2.2424139710984963
155.74038410432055 29.178706651171204 2.9837254217787263
110.32003576434325 10.085031629683476 1.078102300609119
75.7569958300144 21.75551040276806 1.922253778567248
79.07169661198162 20.657826184441532 2.0500271561303314
120.69132682353234 9.856551547408767 1.0095299361225718
68.869470387108 16.151477337192194 2.3746127070172065
130.84495768041918 10.701231946703311 1.1222851787471533
134.25272007791907 29.303415201761762 2.9315979901412743
86.29107487313274 19.369803902148476 2.1910987897056793
134.48255202635093 8.990046862981039 0.7714475019175681
89.14640094453836 20.795407467584663 1.9229395882809635
150.26170909502272 31.979789095931526 3.4153465889905523
73.36349017600524 18.340833335447783 2.0445636254509445
140.8733478144924 33.12909988689238 3.1336815230898254
136.9904886909321 10.980043742001529 0.8134500468368453
132.40025877939064 8.817994462769075 0.9326857759557994
139.10958754530907 28.29606913872032 2.82631899936579
94.66471507141009 9.273882238347456 1.043236341216973
123.01163837298655 27.847516408072963 2.968323162523136
127.51400582405847 28.13898148625133 3.2946074920855333
93.50948710694193 9.523531644595217 0.9217440218665112
132.56350008999004 32.97909440505176 2.601420323525181
128.67436165456306 9.380435769611783 0.9634524572786134
120.51569319198737 10.497516487557593 0.9090958741534965
74.34898076660669 21.763801807839663 2.134151550542434
158.08728415730172 25.538575252987297 2.970802583831397
174.46499427377225 30.77963095177229 2.648231892622334
85.69326918049534 17.017797876447265 2.124998904496183
67.56044251746042 19.907594262210736 1.7198688685345644
125.66410904382207 9.987903250980745 1.0001746775636164
69.4600133810072 22.228726613009492 2.32128683348328
135.3773920734006 9.535990716883452 0.9121000031286582
97.86980303733603 8.590927414933617 1.1517451572582385
77.68478240125495 22.814025560388856 2.040176630035805
108.47421271392197 8.836885861152977 1.0404095626419465
174.45320051842864 28.63805742414551 2.570723745826305
73.88591490721024 23.45722165188934 1.8551540080436402
137.8935353243863 29.84487187839826 3.2420238517750337
110.4530246791136 9.700051517436991 1.0931239246299331
86.05060461367471 22.34801062957894 2.254403957199938
136.76682349331173 9.112239156111618 0.9792456623666794
161.9011521184849 35.38349246338936 2.8064679107483013
139.14060877108253 37.717554639451116 2.2484933010035038
112.53197110204667 9.965437754140602 1.2097715955969022
67.76477767024326 20.87312019938741 1.6587140018496567
76.34301838558736 21.917970790263258 1.8078599436570113
130.27064186886082 28.39287630870972 3.572754840012804
87.83534192636445 22.483964507640675 2.1307422885587215
148.4299758621881 25.606249759482345 2.562754177011337
82.84240292943282 19.812088154823982 2.2776122691619087
86.900353044093 21.219789301754773 2.1296975304505077
146.7056619725145 31.25939115744169 3.4385433554372407
134.45827029260548 10.070996701310342 0.9922920378523807
83.11442041389724 18.08436674708091 1.8419404602304663
83.82657356384227 18.982200545582288 1.9935741520958732
124.06926061560878 11.454304536883509 1.1190527434277293
128.0978586648305 9.829546007128807 1.146222815494843
86.00719853673036 19.909163173985252 2.075354332749752
82.6825765261463 19.197883864342288 2.213500961457928
76.97129544386095 23.710056794921563 2.1032204704103954
84.90932789052407 21.167563907240776 1.90414127097422
68.98711633648817 16.89952569515479 2.0166669707224836
78.79702800900141 22.35470388729924 2.0371821167873865
81.88696207456225 18.97102088517989 1.3975026291284234
146.98821298584036 9.0279348373308 1.0262728655616784
89.01637754467983 20.105042441090546 2.156005384264156
126.59467357917852 10.856399095057851 0.946916918383034
152.2102257397264 26.677805043134608 3.3907338703763683
132.0050462188753 8.445448441190486 1.0252155223151298
121.23715662038111 11.484050368196854 1.0163521336500239
130.55988823604704 27.69055713566184 2.707651671393282
136.70251942029108 9.953329898984183 1.0666664468161144
152.91983776213917 28.836150617792544 3.1483905609730582
70.88900976368332 22.16537281362665 2.0125647158451963
80.10628897266716 17.695550759448754 1.9018938949433626
101.43368656926268 8.659697350874048 0.9704728516168282
125.46628640844627 10.144676022899146 0.882319780402577
105.94049714359525 9.22303190360412 1.032895136545808
157.30554768832621 28.332771674807226 3.276351169818518
108.13056102754791 9.79449949230129 1.1240822984069074
82.96072812219649 20.767721562666644 2.1003114899017388
82.98382618384791 19.21633339577843 1.962825589364045
88.30214228908041 19.333425354779532 2.011425768829766
85.53753601948473 19.503561026506613 1.7438984164078282
107.24958436815761 9.9813587881593 0.9540014292618578
144.61887279647863 25.82747933144166 3.167819150792795
78.33910543192182 19.099700331585076 2.0792399292984927
175.77578343211678 24.25785868496609 3.3461853465811267
90.05415060625717 21.95488497348474 1.5074155533933409
109.24584015968374 11.353167117515188 0.8943887782356412
76.21722755718163 19.0942324903296 1.6552434060855032
80.90670413407658 24.554411205728506 1.7032824552255033
77.50614840952768 20.28251979381998 2.047378862303677
78.66669380545783 21.12863943042248 2.2563738345294375
130.37921832562662 11.417551464062406 0.8525163184018415
165.1078633467589 32.853083650197476 3.1718137999612748
166.6865911614871 33.90684928670477 3.277628175404608
60.79065463123669 20.965876841835993 2.000592469450802
139.86508806539197 27.27836617383927 2.687229365668995
87.79447303422485 19.001186319223773 2.1256315411913813
147.27709321680297 26.009325164301043 2.8405483579532946
132.40215673874573 30.94713834852885 2.998489432917223
87.46723101855687 19.988388577268847 1.7978580875227212
132.9934976566692 25.302145487589492 2.9940749086513017
162.6057445138233 28.15558220231383 2.908203211200566
149.66806028050746 24.93538679741806 3.1158816530362197
86.80473671686514 20.74516382089505 1.4510927799905984
82.18985656476318 21.15942578544079 1.5441326264296094
84.28153233081397 22.571838203287506 1.9203572704331895
70.56811613190922 21.96121379900446 1.82720727972485
80.53062362863847 20.566426922844773 1.7838760628731312
87.79612051270954 20.16930115771774 2.3536667860794696
77.66403345254975 20.924426729129767 1.6207241818079952
69.51831249158607 24.126728453240638 2.0218946532129514
94.35575112179413 18.092046482779715 2.2340165857353833
105.13740175509423 10.308003964089396 0.9937317893663294
60.42339710368637 22.08215530795444 1.9918559706657362
150.0534708629167 30.712639774055454 2.9248143573253533
63.276242493708715 20.21021521892051 2.004730104571948
84.48428630753736 19.253024965613694 2.11619147358287
79.88506355301044 16.5807087195606 1.9998977873184294
115.77643789541848 9.25773714713743 0.9879928067848145
114.13137283713849 10.664561926153251 1.2340013837761306
151.0810796089795 29.733131009179782 3.0962634912177203
123.22579290837295 8.480770834384483 0.965613606210499
80.13452509991899 19.433392841450917 1.9139522925779588
148.33957544148902 28.45224052144369 3.4578955215300526
121.10828946486859 12.004748579092668 0.9294525837204056
123.84810056828415 10.730015536654168 1.047927358301207
121.67246224944743 24.575953085158556 2.9452579915265433
146.32175547649905 33.0175804931628 2.608524512268725
142.051790062728 30.396915097209785 3.3340158589957385
143.457622007887 34.829768024453976 2.709547746946624
93.22506519529341 9.122138232133224 1.0184780737984758
124.84749006273121 9.147858119511815 1.2478780928867483
155.05545038855888 29.378486755079123 3.0837574027674286
78.54360742798467 20.02616299625648 1.908823867564208
73.3470009586165 19.127086638550285 1.95790266353836
158.21149743857953 29.353887847825135 2.929469300059991
122.79408975723365 10.1288135695086 0.9839640455651596
65.63654445435252 18.845326606405063 1.9531968169344938
151.03429178643358 32.384882872078435 2.757404448747433
158.77047210938588 32.3001097528604 3.3712188295636745
76.6040462008122 20.410522313586764 1.9834487147327804
166.4127394533723 24.697342643457834 2.8830488147507136
115.69578568553642 10.329680011468913 0.961682233408368
68.07020050229394 20.741567030901052 1.9238267896255485
153.73531530470385 26.060365621465053 2.7851645411242787
139.48125607658898 9.84743364934092 0.8906819232699934
115.83597846874963 9.027015285479944 0.9804744748536678
149.84594080532597 28.8482455721671 3.295649859231168
138.19799080196552 31.299459352773663 3.0565640696016345
87.18704951133098 17.233117232296394 2.1105149237581484
138.0156712901907 9.379037538557148 0.9939508486126903
151.34691571819477 11.356844649618232 1.1224454566096331
82.97083261670055 19.953413112182478 1.9133294190075913
90.15656061830933 19.956266233545207 2.0173825295784953
134.8379304061997 28.71473112137517 3.1238588087056995
122.33829895728337 25.379582137765677 3.1247253722201176
85.98009515394207 21.92937185923954 1.623109651798357
125.1650635644703 11.825456002245476 1.0605639326576273
159.00732099364186 26.126767297754274 3.543449388681366
150.90570418984674 29.095276699667487 2.450587755892131
79.88981306579353 19.64996805283927 1.9444856498438017
163.87952508909177 30.79749392569264 2.602779399933122
102.09127836174017 8.600389370739608 1.24989574876104
69.5875138883966 20.14377229630327 1.982231661403698
138.20890648166548 9.831640183374336 0.9201478667427392
143.49114186486625 29.911374381523174 2.955086769181846
139.14615006944135 35.19608877641719 3.2796926772769863
81.74745870574975 19.616455996968895 1.9785625627963546
143.21000971905403 34.60321190560772 2.9765492037939216
154.28744748761326 35.01796029580313 2.951040020016568
77.56843339425645 24.252297628331473 1.8300711485067513
85.01597359427151 16.82314751139105 1.8847188188890052
137.8052338265868 11.538361855054484 0.9347817969145855
109.62163307225983 8.715916826023413 0.9801425841482815
143.00652394700728 29.651599951324975 2.9394648684398232
63.13105393199667 20.962303987952303 1.808717511298342
86.74260948520784 19.520398827999564 2.350945526891915
168.52926555783998 32.359066662560245 3.152089347928414
76.72340912878802 22.52984084729992 1.7500898393973334
